title: zarbusiness wishlist

dimwishlist:item=2496875173&perks=839105230,3142289711,1168162263,2458213969,384158423
dimwishlist:item=3242168339&perks=3661387068,3142289711,247725512,3038247973
dimwishlist:item=235827225&perks=1926090095,1968497646,247725512,1015611457
dimwishlist:item=235827225&perks=1926090095,1561002382,247725512,1015611457
dimwishlist:item=548958835&perks=1840239774,2969185026,1428297954,4104185692
dimwishlist:item=3257091167&perks=3666208348,1749209109,3913600130
dimwishlist:item=4164201232&perks=839105230,1087426260,3400784728,3523296417
dimwishlist:item=4164201232&perks=839105230,1087426260,706527188,957782887,518224747
dimwishlist:item=2708806099&perks=839105230,3142289711,1168162263,1015611457
dimwishlist:item=2708806099&perks=839105230,1885400500,1168162263,1015611457,150943607
dimwishlist:item=2708806099&perks=839105230,1885400500,1428297954,1015611457,150943607
dimwishlist:item=2708806099&perks=839105230,3142289711,1428297954,1015611457
dimwishlist:item=2563012876&perks=1047830412,3142289711,1428297954,47981717
dimwishlist:item=2481881293&perks=13792278,1687452232,2779035018,1546637391,3353797898
dimwishlist:item=534775659&perks=839105230,1687452232,2779035018,1427256713,3353797898
dimwishlist:item=534775659&perks=839105230,1687452232,706527188,1600092898,3353797898
dimwishlist:item=3654674561&perks=3661387068,1968497646,1354429876,1067908860,1301843770
dimwishlist:item=2220884262&perks=1926090093,1885400500,588594999,957782887,518224747
dimwishlist:item=1119734784&perks=839105230,3230963543,2779035018,1015611457,150943607
dimwishlist:item=1866778462&perks=981914802,3796465595,3977735242,3194351027,4105787909
dimwishlist:item=1200824700&perks=1840239774,1087426260,3400784728,1546637391,150943607
dimwishlist:item=681067419&perks=4090651448,3142289711,247725512,3824105627,1590375901
dimwishlist:item=681067419&perks=4090651448,3142289711,247725512,3038247973,1590375901
dimwishlist:item=1481892490&perks=3250034553,1561002382,706527188,2846385770,518224747
dimwishlist:item=108221785&perks=1047830412,3142289711,706527188,591790007,150943607
dimwishlist:item=211938782&perks=1784898267,3827198035,201365942,3350417888,2203506848
